116 123
116 127
116 132
116 134
116 138
116 142
116 148
118 154
121 160
125 171
132 184
141 195
150 206
156 210
161 210
164 210
166 210
171 207
174 202
178 193
184 183
190 171
194 162
201 151
207 138
212 126
217 115
220 105
221 98
221 93
221 88
220 84
216 78
212 74
209 70
203 68
198 66
194 65
188 62
183 62
179 62
178 62
176 62
175 63
174 64
174 65
175 67
178 70
180 75
185 79
191 83
198 85
204 87
211 87
219 87
226 87
233 85
239 82
244 77
248 74
254 68
260 63
265 57
269 52
272 46
275 40
275 37
275 36
275 33
275 32
275 31
275 30
275 29
275 27
275 26
275 26
274 26
272 26
269 25
262 25
254 25
247 25
241 25
232 25
221 25
209 26
199 28
191 29
184 31
181 33
179 35
178 37
177 41
177 44
177 48
177 52
177 56
177 59
177 64
178 69
181 71
183 76
187 78
189 82
191 83
192 83
193 84
195 85
195 85
196 86
199 86
202 86
205 86
210 86
214 86
215 86
217 86
218 86
219 86
220 86
225 88
226 91
231 96
235 101
240 108
245 114
251 122
257 128
265 136
272 144
279 152
284 161
291 170
293 173
296 180
299 186
299 190
299 194
299 197
299 201
299 204
299 208
299 212
299 217
299 219
297 223
294 225
291 229
287 229
282 230
279 231
275 231
270 231
265 231
260 231
256 229
250 226
245 225
242 223
238 220
235 220
233 219
232 219
229 219
226 218
223 218
220 217
217 215
214 214
211 213
209 210
206 205
204 200
201 192
199 185
198 179
198 170
198 159
198 147
198 133
198 121
198 107
198 95
199 83
200 72
200 64
200 60
200 57
199 58
199 59
199 60
199 62
199 67
201 72
203 76
206 80
209 86
213 91
215 97
219 102
221 109
225 115
227 121
229 128
231 133
234 137
234 141
235 144
235 146
235 149
235 150
235 153
235 156
235 158
235 161
235 163
236 165
236 167
236 168
236 170
