147 103
146 106
145 109
143 113
141 118
137 123
136 129
132 136
132 142
130 149
126 156
123 163
121 169
118 175
116 180
112 186
111 191
110 197
108 201
107 207
107 214
107 219
107 224
109 231
112 237
117 244
123 248
130 252
134 254
138 256
140 258
144 260
148 261
151 261
158 262
160 262
164 262
170 262
175 262
180 262
185 260
189 256
193 253
196 250
198 247
201 243
204 240
207 237
210 231
212 227
216 223
220 219
225 214
231 212
236 206
240 204
245 199
246 198
249 196
252 193
252 192
254 189
254 187
254 184
254 182
254 179
254 174
254 171
252 169
250 165
247 164
245 161
244 159
242 159
239 158
236 158
234 158
231 158
229 158
228 158
225 158
223 158
221 158
219 158
216 158
213 159
210 159
208 162
204 164
202 164
199 165
196 166
194 169
193 169
191 171
190 172
189 173
189 174
189 175
188 176
187 179
187 181
187 183
187 185
186 187
186 189
186 189
186 190
186 192
186 193
186 194
186 196
186 199
187 201
188 204
189 207
190 209
192 211
193 214
194 216
196 217
199 221
200 222
202 224
204 227
204 228
207 229
209 231
212 234
214 234
217 235
221 237
224 237
229 238
234 238
239 238
244 238
252 238
257 238
264 238
269 236
276 234
278 233
280 232
282 231
282 230
283 230
286 230
288 230
288 230
291 230
293 231
294 231
297 233
298 233
301 237
303 237
304 239
305 241
307 243
308 245
308 247
309 248
309 250
309 251
309 253
309 256
309 259
309 262
309 263
309 267
310 268
310 270
310 272
310 274
310 275
310 277
310 280
310 281
309 282
308 283
308 286
307 286
306 287
306 287
305 288
