232 142 300
229 161 870
225 168 510
222 175 510
216 186 630
205 196 630
187 211 840
168 226 870
145 240 990
122 253 990
97 260 1050
76 266 930
58 268 840
42 268 780
27 268 750
21 266 480
16 261 450
15 255 480
14 248 510
14 239 570
14 229 600
15 217 660
20 209 540
29 198 630
43 184 720
60 173 810
85 158 1050
112 142 1110
142 132 1200
170 129 1140
258 205 2940
256 213 540
251 221 540
248 223 390
242 226 480
236 227 480
227 229 570
218 231 570
210 232 540
203 232 510
192 232 630
179 232 690
169 232 600
160 229 570
152 225 540
146 218 510
142 211 510
137 201 600
132 190 630
131 180 600
131 169 630
131 161 540
131 151 600
138 146 510
145 142 510
165 138 900
389 335 7020
382 345 600
373 351 570
364 356 570
349 357 750
330 359 870
308 359 960
284 359 1020
260 357 1020
236 351 1020
212 346 1020
195 340 810
180 335 750