135 167 300
310 273 5550
328 267 840
343 257 750
353 246 630
357 235 630
358 225 600
358 212 690
358 201 630
358 190 630
355 174 780
348 160 720
342 146 720
331 132 720
323 120 660
315 110 600
304 101 630
291 91 690
280 87 630
267 85 690
256 82 630
244 81 660
230 81 720
218 81 660
203 81 750
190 83 690
179 91 630
170 101 600
165 113 660
227 321 6540
225 324 390
221 327 420
216 327 450
211 327 450
203 327 540
192 327 630
186 326 480
174 324 660
162 321 660
150 319 660
138 319 660
131 319 510
127 319 420