196 97 300
195 98 330
192 103 450
189 105 390
187 108 390
185 112 420
182 116 420
179 122 480
174 128 480
169 133 450
162 139 510
158 146 510
153 153 510
148 158 450
144 164 480
219 185 2550
231 182 660
248 179 810
258 174 600
262 171 420
262 167 420
262 165 360
260 159 480
254 152 510
248 145 510
236 136 660
226 130 600
215 123 630
201 118 720
190 113 630
170 105 900
159 105 630
147 104 660
136 104 630
123 104 690
112 104 630
109 104 390
311 277 6360
309 282 450
304 287 450
299 294 510
291 300 540
281 308 600
271 311 600
256 318 750
234 327 960
211 337 990
184 348 1110
155 360 1170
127 376 1140
101 391 1080
79 402 960