162 123 300
157 128 450
150 136 540
144 142 480
137 148 510
129 152 540
121 159 540
114 165 510
109 174 570
259 266 4800
257 267 360
254 267 390
246 267 540
239 267 510
224 267 750
202 265 960
180 262 960
161 258 870
143 254 840
129 248 720
120 242 570
115 238 450
112 226 660
112 217 570
112 214 390
112 207 510
120 202 540
132 199 660
187 223 1950
183 232 570
176 240 540
166 246 600
161 248 450
154 249 510
151 249 390
147 246 420
145 241 450
143 234 510
142 224 600
141 214 600
141 203 630
141 190 690
146 179 630
154 172 540
166 167 660
317 244 4830
315 245 360
312 245 390
307 245 450
301 245 480
299 245 360
296 241 420
294 239 360
291 234 450
289 226 540
289 219 510
289 211 540
289 200 630
295 190 600
300 185 450
307 182 510
352 238 1980
349 238 390
345 238 420
341 238 420
337 238 420
332 238 450
330 238 360
326 238 420