168 107 300
144 110 1020
122 113 960
101 117 930
82 120 870
66 124 780
60 126 480
231 137 5430
229 138 360
224 142 450
217 147 510
210 148 510
199 154 630
182 160 810
164 166 840
146 171 840
128 175 840
112 177 780
98 178 720
91 178 510
93 173 450
100 167 510
111 160 630
120 157 570
134 155 720
287 235 4890
283 241 480
280 243 390
277 244 390
273 244 420
271 244 360
267 244 420
263 243 420
261 242 360
256 238 450
253 235 390
250 230 450
250 225 450
250 220 450
250 213 510
252 208 450
261 201 570
277 194 780
298 187 930
321 184 990
341 180 900
381 265 2850
376 280 750
373 293 690
368 306 690
364 316 600
361 321 450
357 325 420
354 328 390
348 329 480
341 334 510