185 153 300
182 153 390
203 158 930
213 156 600
269 153 1980
267 157 420
263 163 480
260 168 450
255 175 510
250 182 510
242 189 540
234 196 540
224 203 600
215 209 570
206 212 570
195 214 630
183 217 660
169 220 720
155 221 720
140 221 750
128 221 660
118 217 600
109 212 570
102 206 510
98 199 510
98 197 360
97 192 450
97 187 450
98 185 360
101 181 420
117 176 780
273 250 4980
269 256 480
266 263 510
260 268 480
258 269 360
253 271 450
250 271 390
247 271 390
243 270 420
238 265 450
233 262 450
229 256 480
227 253 390
226 248 450
224 244 420
224 238 480